image: maze.pgm
resolution: 0.100000
origin: [-8.350015, -13.950030, 0.000000]
negate: 0
occupied_thresh: 0.65
free_thresh: 0.196

